radix 1 1 1 1 1
vname A B C D OUT
io i i i i o
tunit ns
trise 0.1n
tfall 0.1n
vih 1.8
vil 0
voh 1.8
vol 0

0 0 0 0 0 X
5 0 0 0 0 0
10 0 0 0 1 X
15 0 0 0 1 1
20 0 0 1 0 X
25 0 0 1 0 0
30 0 0 1 1 X
35 0 0 1 1 0
40 0 1 0 0 X
45 0 1 0 0 0
50 0 1 0 1 X
55 0 1 0 1 0
60 0 1 1 0 X
65 0 1 1 0 0
70 0 1 1 1 X
75 0 1 1 1 0
80 1 0 0 0 X
85 1 0 0 0 0
90 1 0 0 1 X
95 1 0 0 1 1
100 1 0 1 0 X
105 1 0 1 0 0
110 1 0 1 1 X
115 1 0 1 1 0
120 1 1 0 0 X
125 1 1 0 0 1
130 1 1 0 1 X
135 1 1 0 1 0
140 1 1 1 0 X
145 1 1 1 0 1
150 1 1 1 1 X
155 1 1 1 1 0
